image_width: 640
image_height: 480
camera_name: camera
camera_matrix:
  rows: 3
  cols: 3
  data: [526.542082, 0.000000, 299.426563, 0.000000, 527.784243, 245.078320, 0.000000, 0.000000, 1.000000]
distortion_model: plumb_bob
distortion_coefficients:
  rows: 1
  cols: 5
  data: [-0.077800, 0.182514, 0.002366, 0.001345, 0.000000]
rectification_matrix:
  rows: 3
  cols: 3
  data: [1.000000, 0.000000, 0.000000, 0.000000, 1.000000, 0.000000, 0.000000, 0.000000, 1.000000]
projection_matrix:
  rows: 3
  cols: 4
  data: [525.023315, 0.000000, 301.034172, 0.000000, 0.000000, 523.183533, 245.872950, 0.000000, 0.000000, 0.000000, 1.000000, 0.000000]